13	10764	10910	14751	48877	48870	305033	303044	223694	286096
62	5861
63	56312	49186
89	105896
117	5212	6386
167	25527	25636	9648	44807
168	55309
175	14145
186	163167
206	54261
216	37200
226	25540
243	30269
280	18941	5864
293	18941	9286
296	5834
324	18941	6602
325	18941	6523	6551
333	308402	89388	43818
353	5216
361	124854	15843	146802
394	255658
425	5216
498	5833
510	115286	44554
587	20181
606	59458
639	6631
642	90993	6534	114879
648	18941	63069	23058
680	257396
686	18941	46069
744	152992	56552
907	5839	5840	220088
927	60846	220088
1934	18941	65902
1936	161621	147210
1975	147210	80368
2002	42166
2041	21133
2061	5363	24201
2099	5219
2846	37196	147210	90563	93651
2878	90498	32740	32839	90743	53911
2889	213593
2897	11152
2901	56312	56313
2949	5363	24201
2953	10432	58822
2983	10730
3010	25557	6532
3013	11097
3050	8563	11410
3051	5277	149302
3057	10727
3058	53799	69835
3069	53797	117703
3080	53797	117703
3112	53797
3283	56327
3285	53232
3286	6573
3361	11385	302747
3398	18941	141915	132423
3476	35582	23058
3479	295516	56038
3489	5219	30960	152992
3490	31446	49275
3518	30267	162963	183007	165993
3576	9657	9658	95952	29899	275297
3624	5840
3661	56312	53231	258443	53228	152992
3684	51656	51613	104402
3770	6573
3828	286442	118456
3944	125938	55550
3954	10358	58822
3987	53228
3990	18941	209702
4017	121651
4031	147210	6571
4058	18941	56327	152992
4075	317569
4370	35757	10851	147210
4387	45419	270930
4388	77503
4442	72668	18941
4449	23782	13205	29900	139455
4450	10386	47008	278769	278660	278635	25554	283812	144281
4464	78441
4475	18941	52738
4584	12185
4627	12146
4635	45123	54728	145788
4666	78829
4700	286091	55806
4733	110778	106065
4740	43030	260387	68943
4742	35818	9393
4743	147210	5333	65890
4822	20181	115282
4828	52712
4841	6536
4874	18941	6546	6551
4939	9390	76331	98069	25562	89021	272767
4951	8077	302747
4964	5377
4990	6532
5060	76499	52481	76403	95819
5077	10427	72123	25554	70228
5098	5066
5114	135512	135530	290188
5119	39135	19921	119814
5122	12739	12738	98466	46811
5130	11087	11088	304721	42564	284115	66716	303044	286096
5132	6572
5134	10884	11171	42564	42555
5198	9581	271410
5246	77282	148280	311978
5285	29636	307160
5420	10892	12969	59004	119837	5412	98893	66776
5423	10390	10391	312515	59016	232777	59006	5412	59014	66776
5461	16726
5464	16726
5466	16726
5549	80890	65958
5582	10635	15641	6689
5588	5601
5675	6806
5699	10772	124363	120152	25554	119802
5702	8266	9079	143439	305867	223824	223826	320284	54931
5780	6572
5937	18941	11456
5968	13022	12987	145786
6013	318207	29907
6028	10159	26276	132777	5412	98893	74672	66776
6033	256345	30267	255658
6046	11658	11659	98466	283812
6070	20923	20940	49007
6081	23779	286263
6226	10156	116991
6239	321004	69251	69250	293765
6240	147210	63353
6327	6576	5195
6331	21851	25496
6368	31148
6374	13073	13074	75877	131123
6437	9049	289267	287369	48877	48876	308523	287386	25554	285805	289595
6490	115444	31097
6504	9777	12222	145789
6527	53229	5086
6567	294649
6594	13207	13206	8192	72431
6640	18941	9359
6661	8331	37533	289301	25554	285348	289309	95539
6728	10591	26276	286990	293888	147205	283219
6732	34696	56312	56327
6815	9395	52481	76504	75926
7102	314113	18941	5865	53548	54275	5863
7169	10766	274477	73768	293888	25554	66771	66762	12291
7264	74059	315598
7297	12965	12964	315505	69882	285870
7451	146911	258600	30383	306947
7563	310606
7574	10412	10157	197324	95971
7577	44074	316411	302747	43818
7613	92302	303021
7615	147210	10150
7639	255658
7641	26887	6017
7648	92200
7683	11168	316267	25554	285348	147295	5412	275297
7688	5371	45419	305857
7733	25540	41358	6536	106065
7776	295813	61120
7787	6572
7789	6572
7817	10614	10615	5412	74672	74669
7961	10636
8014	10382	25554	283198	47176	275297
8073	17187	52201
8106	9781	11630	48771	282511
8118	11694	143439	245511	53607	67441	25554
8137	11179	8293	29672	39247
8249	9582	147814	30998
8379	6572
8436	11098
8459	10385	42194	120154	124363	305868	200745	46055	120152	68977	67441	120155	25554	289309	119814
8511	37270	113787	133466	75289	263421
8518	55022	117690
8522	31004
8573	10541	10542	286988	42564	66716	223694	120153
8575	10767	293393	25554	285348	287352	66771	276555	275297
8584	25556
8636	13160	13159	49007	29220
8698	9664	9665	48874	96435	310397	286633
8925	81248	307154
8935	31000	11430	147814
9141	37200	35712
9145	61099	88391
9213	10831
9265	10438
9268	11649
9289	42570
9364	48603	21133
9417	31058	147814	30998
9461	5363	5362	152992
9476	18941	66710
9505	6544
9564	83083
9586	18941	80106	266860
9726	6572
9736	6572
9796	54970	19910
9798	169646	30330
9800	24574
9821	11653
9840	6572
9842	6572
9878	6572
9881	6572
9882	6572
9902	6572
9943	6572
9985	55555
10002	20315	302383	31940	150734
10055	6572
10082	6572
10132	45370
10261	10833
10262	318632	318627	290047	290048	290049	290050	220110	42315
10327	44266	32740
10338	10742	11630	121043
10345	9045	10467	248948	124363	46049	219998	120152	68977	67441	228241	132777
10405	8273	37257	76172	25554	82206	289309	89941	87532	82193
10477	12474
10484	20632	42788
10588	12947
10624	30283
10648	147210	135530
10745	35758	15487	147210
10747	10891	9667	119802	5412	275297	286638	74672	74669	66776
10779	31098	113919
10861	62276	222543	222551
10913	43249	69835
10962	13885	13883	26490	10957
10967	13022	13021	26490	307822	95856
10974	10769	165299	245511	124363	46049	120152	291035	119833
10985	35756	316185	11069	32740	147210
11030	13105	13697	26490	307822
11120	11388	302747
11130	302747	11401
11139	25645
11143	103383	218555	93918
11192	11393	188403
11193	115370
11232	259136	66862
11246	43824	257276
11265	110163
11271	184800	15983	111233
11272	110167
11275	5861	18941	155620	33670	42280	5222	52250	6530
11442	11447
11546	17243	17244	17245	17108	29903
11578	71226	260387	302747	43818
11604	5612	88969
11614	5216	23047
11620	10892	11660	50047	49574	46160	110498
11632	71404
11637	11161	46049	25554	119832	7909
11642	12203	12202	5412	271543	98893	135945	55622
11664	10614	11169	312515	76610	286645	286644	59006	286646	5412	125342	74672	74669	286647
12174	91569
12285	312551	5195
12325	13856	188403	302747
12334	61112	42784	147210
12344	14939
12374	83779	113916	98312
12391	12934
12411	26914	147210	33690
12436	5195
12456	33670	52250	81895
12522	12531
12549	93977
12810	5195	6017
12833	12835	12834	48099	99816
12840	101917	101918	320895	319871	66789	42776
13030	290047	290048	290049	46480
13214	25644	5172
13215	51642	51630	23372	14830	13156
13317	42166
13326	48195
13382	8292	11177	108881
13394	36127	139414
13407	18941	44566
13422	66776
13434	5216	226031	60674
13451	226031
13518	46468
13526	91560
13538	147210	188403	14942
13589	5861	33670	14654	24245
13733	35702
13744	18941	267451	88648
13750	18941	242494
13756	73152	93975	107014	106984
13757	152375
13795	73136	107075
13796	46374	220110
13810	5830
14051	25046	5363	152992
14055	315598	14389	310410	72455
14162	155620	127872
14167	33670	52250	79283
14171	295702	138074
14187	42698	53381
14199	89698
14223	14227
14265	144650	71103
14346	66717	6536	6532
14377	69119	50375
14396	77233
14471	4985	105683	220088
14536	30267	162963	183007
14599	53226	39188	234834	240282
14712	42518	69251	42790
14849	14930
14850	302747	14931
14852	14933
14853	14934	302747
14856	14929	302747
14903	76521	5869
15017	43824	89641	302747
15032	61106	192806	42788
15035	16783	16784	307808	293888	95949
15039	33459
15047	42790	192806	60962
15082	15314
15095	46480
15129	21133	38598	7912
15186	122070	147210	146365
15196	15221
15210	90741	140618	25625	41123
15222	95956
15233	73438	65265
15276	96909	96908
15300	51531
15439	87815	150734
15452	15467	15463	29639	25604	10961
15511	10125	15527	137183	95951	5412	137184
15606	33670	84821
15621	54133	261721	261720	261722
15662	290048	290049	46480	131327
15667	162255	288006
15678	52481	199353	113657	25496	41123
15723	128150	76522
15783	83714	80367	290237
15876	136765	46476
15887	15888
15892	10385	8291	304721	281368	320246	7911
15925	120477
15935	25521	30440
15944	8331	153023	55159	55160	7908	143181	25554	208500	147205	7909
15962	16041	16040	97419	5412	74672	66776
15963	16043	14523	125343	5412	169963	74672	74669	66776
16377	81766	65960	108015	220088
16401	17120	237161	84639
16413	17113	121924	16418	175105	122689	25533
16511	17114	16418	122689
16530	17118	121924	175105	14329	122689	25533	237161	25545
16574	25571	164915
16611	96983	5834	147210
16628	56123	46379	136758	49665
16687	16691	16694	42555	56091	41719
16782	17093	237161	125587	123976	123619
16805	5363
17286	13205
17410	79847	53618
17478	8268	234624	25554
17517	14518
17656	240282	5195
17751	69251	31070
17795	317569	29645
17878	10541	17894	46859	39704
17907	77228	32841
17920	37386	52481	52482	147210	320891	95819	92796
18018	17109	237161	125587	123619
18029	118703	105508	69251	147210
18032	35758	61994	147210
18041	318207	30849	6810
18059	63436
18064	46478	100473	131327
18138	17094	237161	123619
18176	51485	303621
18453	30938	32228
18520	44915	6532
18528	50793
18531	25643	237161
18536	6574
18600	9492
18639	71227	302747	43818
18655	89422	302747	43818
18656	89386	302747	43818
18662	89718	302747	43818
18909	87028	43818
18967	43813
18971	6551
19008	11565
19138	26940
19139	6534	6574
19175	61109	147210
19180	61115	42784	147210	33690
19181	9049	37533	25554
19235	242610	135227
19328	10385	9051	119841	83048	317393	119837
19370	117338	89418	117182	115849
19375	5363	54980
19379	55174
19391	5363	54980	24201
19403	18941	9615
19418	309280
19434	147814	31101
19467	49749	49750	34582	48778
19468	12729	54394	266990	273281
19484	89262	214875
19542	25538	25639	25525	237161
19543	6534
19570	19573
19582	22589	25465	318536
19632	69251	42790	147210	61123
19759	6670
19761	47912	50243	71057	145655
19763	6609
19779	12784
19781	5363	5362
19786	5363	5362
19823	284609	51099
19870	147210	61125	278349
19949	25496
19969	20937	58822
20075	20943
20085	13161
20144	320123
20157	147210	278844
20205	259136	147210	192806	295702	20239
20208	5363	5362
20341	13070
20376	5220
20380	118703	113787	196118
20398	307642
20412	69251	69250	42790	293765	20416
20448	10766	42194	120154	124363	305868	276996	68994	89137	25554	68754
20501	305681	59463
20609	80358	70115	69251
20683	52169	52164	29560	95949
20809	180612
20858	47627	5840
20967	76970	16736
20977	10733	76970
21033	73158	123653
21084	18941	80106	45359
21116	34282	10937	77681
21232	145783
21325	53272	139426
21394	9047	25456	289567	25554	289309
21418	86797	80721
21483	287381
21488	53230
21505	21506
21513	6645	5195
21521	44581
21534	21936
21580	290191
21697	69834	55939	66762
21768	53228	6574
21976	42203
22045	30429
22087	120917	6532
22091	106184
22174	22636
22220	147814	31101
22662	14227
22671	6583
22705	25532
22814	42561	42526	48870	29220
22919	12952	40183	74520	311661
22923	30429
23034	26300	123612
23114	61333
23179	138937
23312	15174	15310	315505	92836	276000
23341	10437	91070	258445	6628
23407	81190	12809
23416	19583
23441	111233	120475
23470	240282	5195
23491	53394
23642	81895
23646	9492
23748	14493	64711	25554	117558	7909	12507
23842	20455
23941	147210	105410	52564
23948	89725	302747
24141	26537	78829
24154	286293	6530
24207	5363	5362	152992	41320
24224	25009
24302	85786
24492	31000	15843	147814
24583	12179	9051	285348	75885	48879
24587	25010
24957	292509
24960	222544	222543	222551
25156	9351	53820	66750
25167	74050	315598	14389
25267	9492
25393	83102	14494	289304	285802	287381	287375
25457	25459	318536
25561	53845	102121
25605	40014	40016	25606	307806	271706	271702
25720	17093	14365	122689	25533
25857	10852	10770	98459	48873	58802
25893	6609
26109	6645	20009	130200
26140	91070
26444	160799	320445	140852
26687	36690	268536
26688	36690
26800	12355	220468	111064	170350	119827	163534	169963	82193	74669
26817	25659
26877	61333
26947	69251	147210	317975
26949	35711	9784	95840	123287	170350	119822	169963	74669
26978	95984	74598
27514	8274	25554	279268	79501
27517	30997	147814
27711	75251
27737	5333	89711	302747
27757	17103	125587	123976	123619
27758	17101	125587	123976	123619
27788	41668
27868	23810	30265
27976	53231
28039	50712
28130	42586	29184	30965	97410
28153	30960
28300	278380	136714
28363	30997	147814	21447
28369	147210	52564	80362
28439	113631	293195
28602	59708
28861	43249	102836
29007	42599	29184	97410
29029	48022
29134	65224	10957	69834	319419
29137	10968
29183	29186
29260	35755	63286
29263	29636	30338	199353
29267	43733	40759	44580	34961
29336	6810
29358	29636	25573
29467	9384
29563	178985	6632
29564	82121
29592	72227	58958	29598	10957	10968
29629	52481	52482	75926
29710	41715	13666	29220	41719
29741	115129
29765	89678	89679
29932	9489	11223	8079
30003	21133
30020	39998
30044	29905	5221
30048	305458	138638
30050	31028	196238	113919	208254
30136	190074	48721
30281	30279	6106
30282	86395	45419
30303	12211	13206	278777	58802	47007	317405	147288
30407	6534
30415	21133
30442	10001
30461	5874
30842	10892	16781	50047	46162	287352	41719	283499
30980	145783
30985	318602	43309
31086	155620	51479
31326	75171
31411	10123	165299	59006	74669
31429	15898	40475
31453	37270
31473	23810
31600	23795	33670
31611	296925
31641	73151	123653
31649	89127
31668	69251	31680	5277
31675	47069	31680	285348
31682	41063
31831	31680
31834	53800
31835	31680	312433
31836	20424
31913	13287	43387	135077
31936	53797	117703
32061	118703	147210	31680
32070	29639
32083	10387	46309	25554	285797	239312
32423	60674	46464
32505	9047	9667	53607	69045	119805
32582	10767	277361	310847	31105	301169	74606	275297
32591	10892	10741	31105	125343
32593	12203	10451	31105
32701	32871
32784	97032
32787	75230	75231
32791	75231	45419
32823	9581
32836	90496	39979	96704
32988	12355	10445	29253	282507
33005	14227
33124	51524
33236	30380
33313	12179	13858	98459	47130
33365	10123	29511	25554	289309	309673
33650	34086
33790	46063	50232	75842	58822
33796	42139
33818	220110	28661
34076	17190	15305	108848
34115	34288
34178	43030
34183	111271	151056
34375	6012
34576	54394
34729	58823	138638	6534	29971
34778	74092	23837
34868	17189
34884	45968
34887	152992	45968
35067	9581
35288	308322	104422
35327	42476
35541	30265
35614	9775	26276	68536	29505
35726	308153
35735	35739	12181	50047	49574	46160	110498
35745	23605	156139	25554	239312
35789	36127	220088
35839	40037	53607	68315	46049	119647	25554	119805
36007	29625
36024	10768	48770	25554	289309	239312
36457	256345	103379	59463
36488	30267	255658
36612	10767	13658	287406	95868	124788	66771
36970	46476	136758	49665	220110	306589	71738
37026	6546
37125	44157
37140	23605	48770	25554	239312
37205	37313
37254	113922
37256	34748	29625
37435	40030
37520	53684
37559	48022	58907
37602	73149	93975	123961	107014	115682	107074
37690	92643
37751	8331	72431	289567	25554	289309	147205
37796	48723	110497
37837	73136	106984	115342
37978	89211	10587	12694	88385	88410
38027	155620	268536	24245
38042	75415	147210
38213	116315	33670	52250
38328	295516	61485
38336	127578
38580	84146
38667	226086	226098	226121
38687	13669
38855	169121	35582	59198	269282	79847	312722
38952	4985	240282	5195
39075	42160
39248	10859	53258	25554	239312
39479	13855	20424
39823	33010
39851	82925
40070	74360	161043	54932	11441	26940
40124	77227	77226	210099
40175	9491	29645	49585
40329	33010	46069
40357	36829
40374	10159	9665	37257	293214	60036	75279	285348	89950	80845	82210	289176	275297	90176
40665	42720
40696	156765
41100	6536	20009
41160	62525	52250
41169	41668
41221	10911	85595	25554	76405	12700
41324	32227	15843
41666	46331	41667
41744	39117	40017	289267	287369	42564
42170	42503	42607	48778	49010
42271	10582
42373	11645	42596	287994	19896
42689	29645
42769	30265
42793	5363	5362
42805	42808	41667
42829	9103	86960	143439	245511	124363	305868	120152	315505	119814
42983	35679
42990	50372	13334	12518
43004	50474	50479	10968
43182	42280
43403	9391	44161
43446	84615
43473	12994	66730	138639
43646	5219	50156
43670	119749
43720	43719
43730	54631	52743	25160
44041	43719
44138	261625	84606
44195	50224	188415	278769	29598	279302	278779	10957	188414	10968
44299	156140
44426	53739
44500	5363	5362
44693	17114	25529	122689	42519	216088
44784	127580	147210	262553	9721
44798	33180
45071	37200
45209	6532
45287	50246	48265	25456	10957	72245	29789
45311	50468	50260	93687	10957
45314	77630
45868	5216
45896	6575
45997	37630	92658
46011	165993
46120	222543	222551	79286
46180	29625
46214	25646	44918	276635
46225	130622	80723	130623
46317	49113
46360	10465	35579	25554	46370
46377	75109	84638	84637	131327	161040
46459	45956
46528	10769	46603	25554	239312
46607	46923
46632	18617
46816	89357
46839	77266
46840	77629	136720
46888	196919
46905	73143	14328	121651
46981	30429
46990	47000
47024	10646	89174	25554
47084	10465	47911	286990	283198
47153	9777	53085	29672	279375	30293	39247	29898
47196	35580	21858	299058	76814	99816	282509	282511	103986
47206	58801	9648
47543	73899	107014	111522
47559	138638	311267
47644	11161	46309	293187	25554	285861	239312
47816	10354	91069	106432	286305
48005	10383	48870	287386	289266	25554	287352	289595
48019	48022
48100	35711	9655	316267	108881	282507	119805	311662
48145	305458	138638
48172	56038	113649	6573
48321	155620	62525	52250	25542
48401	13870	40640	36079	48879
48414	10159	13860	307933	48099	307927	282507
48437	47001
48585	30267	281099	79286
48628	10891	25549	310847	304721	291035	66716	307933	48099	29507	276000	283500
48634	49113	48637
48635	189713
48645	10739	278768	77043	25554	144653	92664
48717	84216	15888
48855	55058
48863	48860	48862
48973	31550	26537
49017	10591	11540	60190	147205
49414	10591	10592	124363	46049	42536	228241
49417	12355	10424	53607	46049	42536	119814
49582	294649
49587	11056
49796	127587
49955	80890	129833
50109	207885
50192	50193
50348	9781	11499	50047	46163	49574
50415	8079
50500	102121
50672	35757	50776
50716	26296	51666	59269
50780	42497
50844	92928	15487
50855	6645
51075	26272	10878	166820	80841
51109	14525	10389	29254	53305	282507	296330	289620
51302	240282	5195
51345	9734	9667	6727	282507	5378
51364	51369
51390	33444	213593
51392	30269	31550	23810
51427	10567	124856	46038
51453	51479
51470	70961
51517	30269	103383	303621
51536	51538	41667
51570	6670
51741	51024
51758	16791	40518	285915	45964	285913	289305	285870	285916	285918
51851	5195	6017
51959	47235	25549	307933	307927	282843	13436
51987	10766	9733	98459	48099	42166
52029	47901	52658	19894	46065	19896	152952
52295	52296
52419	88968	89452
52428	55017
52442	11427
52443	11427
52538	55749	76423	117703
52570	52564
52793	11174	10628	47008	287386	15842	289305	292230	286027	296330	287356	285916	285921	285919	285920	285918
52835	20455
52906	26297	13862	310627	307933	307927
52996	5217
53063	10823	25639
53222	20455
53235	89587
53260	53229
53356	20455
53358	49333
53376	73143	53381
53386	73885	123956	53381	117690
53387	73884	73136	73335	73143	53381	117690
53389	73136	53381	117690
53426	26297	39698	46161	28897	49574
53480	58549	57085	57089
53514	20455
53870	46331	41667
53928	20455
53976	13696	13880	307808	263419	44575
53991	53462	41063
54019	6670
54216	39545	11499	50047	46333	90739	292594	49574
54299	9047	114735	25554	239312
54345	54716	54720	151658	70912
54523	88669	68733	88886	311157
54559	54551	274058
55024	5195	56332
55091	52944
55145	77267	59131
55193	18501	117703
55225	147210	226060
55250	29031
55320	244616
55429	10543	10544	69882	287365
55505	8275	50047	50048	46162	25554
55534	25604
55576	42537	25604	9605
55646	6645	19495	26537
55693	11161	124363	305868	46055	25554
55835	99315
55857	86395
55880	31550	258450	5086
56054	10911	48770	25554	239312
56057	10739	48770	293187	25554	239312
56061	18617	117703
56090	26195	13341	46159	46859	25554	50072	56091
56116	10739	48770	293187	25554	239312
56404	53229
56429	101663
56664	23779
56746	111104	87346
56756	23795
56776	59403	16728	120475
56839	9359	72669	50670
56870	47908	124363	46049	120152	25554	119802
57087	132088	55749	117703
57246	293695
57454	8281	126233	58550	284896	25554	119832	284924
57538	5861	145663	5901
57546	30338	66750	114701
57558	29971
57658	8265	47911	89137	147614	57766
57769	155620	81892	83394	293195
58044	73143	107067	115342	117690	107074
58101	5876	9379
58162	92336	74386	93651
58245	25663
58271	8531	12956	296275	307597	119825
58300	25663
58380	25663	142861
58588	13016	58592	50056	56593	46159	90791
58772	9390	26711
58786	66721
58791	56038	42637
58815	60969
58849	281049	172760
58894	29031
58898	10386	29503	25554
58973	89205	90364	232777	59004	59014
59423	117878	45419	289332	67732
59425	117878	45419	70611
59446	70611	6381
59622	220102	306596
59695	71723	56087
59857	39188
60251	66702
60252	53097	10147	88797	42555	223694
60278	11522	92279
60295	45512
60301	60305	60319	36079	57649	5375
60346	60347	41667
60387	78829
60752	13672	91273	46055	25554
60850	35756	53271
60852	12211	11535	60853	46333	90739	49574
60938	35756	61106
61054	44918
61260	61105	35756	147210
61303	66505
61406	233592	232423
61474	35756	61126
61475	268706	79376	266990	273281
61482	35756	61112
61521	71737	163126	61485
61598	99024
61611	84145
61998	58122
62010	234624	68358
62019	35756	61121
62022	6689
62040	5876	21395	51209
62057	245481
62079	5220
62110	66980	310464
62156	234624
62157	234624
62193	108910	97410	21487
62236	65886	86136
62429	35756	61124
62438	25542
62612	53225
62765	66716
62840	10999	108881	310847	56135	25554
62895	311020	15888
63005	62599
63020	11084	35757	147210
63075	31550
63095	161770
63098	155620	161770
63150	44161
63163	31550	57597
63235	305654	162606
63322	308575
63373	9752	245511	60521	124363	120152	299359	25554	119805
63520	48637
63578	9351	63576
63792	220110	56124
63864	10552	114733	25554	239312	205411
63908	10387	25554	66939	239312	63909
63912	14749	25554	66939	71201	239312
63951	35580	40007	140003
64021	11069
64042	66116	68014	220110
64097	53527	66777
64133	65971
64136	30892
64432	10865	25554	72175
64580	14683	52847	308002
64628	29380
64671	84637
64675	13275	13279	61547
64816	61345	137393	295516
64872	74050	233592	315598	14389	310410
64874	73146	91266	55022
64905	11661	68542	25554	48755	92664
64952	8275	281476	310847	278778	60186	25554	305858	276000
64980	11195	143439	300712	124363	120152	64345	67441	25554
65034	29307	121710	220110
65071	61345	137393	161481
65086	5066
65257	90863	65265
65262	9351	65265
65350	10383	315354	25554	147295	295646	40244
65393	49749	10628	286645	286646	147294	169497	125342	74672	74669	286647
65394	14521	10628	317625	59006	144653	125342	74672	74669
65435	10865	124363	120152	29502	25554	119833
65438	10738	124363	120152	122230	25554	125343
65655	47908	25554	188008	239312
65740	9657	10451	57765	287369	289273
65849	82211	29643
65914	60521	85787
66102	10465	26276	75749	289309	80845	66780	82210	82193
66130	5086
66198	88969
66253	25532
66415	66651
66454	74062	42500
66472	46331	60355
66619	91110
66629	154692
66631	66702	11081
66757	53739	308065
66788	247157	176834
66791	87027
66806	39190
66875	287355
66883	11179	10528	286988	287386	69882	292555	292576	289301	289305	289567	289569	293466	286027	287354	285921	44708
66940	8281	143439	124363	120152	68994	67441	25554	119805
66961	10465	53607	305868	130883	25554	253122
66974	10360	30269
67010	81738
67022	9664	40017	143439	124363	219998	120152	68977	67441	117558	68754
67023	10385	143439	53607	68977	25554
67060	26272	11536	143439	278768	124363	68977	287406	67441	119838
67082	9794	46309	25554	223694	239312
67115	30269	38676
67155	9103	10392	143439	124363	219998	120152	68977	320284	67441	119806
67165	9103	10445	245511	124363	120152	286989	305033	67441	302934	119818
67169	8276	42194	60521	124363	305868	46055	120152	301965	68977	67441	286633	120155	25554	117558	303972	296791
67325	42320	19495	130200
67527	52455
67564	307668	124851	320894
67571	13898	68058	234624
67622	56038	307590
67795	172228	65145
68091	68017
68553	12675	55054	68558	68556
68670	96069	94260	72140
68758	66721
68827	10891	9051	57761	89137	289309
68851	83390
69017	17093	125593	122689
69032	68880
69227	6810
69387	122334	77235	112595
69504	69524
69510	69524
69515	52301
69523	15850
69719	48740
69786	65365
69880	18622
70000	17121	32228	121922
70047	29636	5876	306221	102425
70052	70063	47909	68556	95854
70073	42944	25537
70121	302405	85318
70124	70115	69251	280157	53689
70184	29636
70491	69299
70537	54680
70575	76000
70580	11170	15173	46333	49574
70938	43198
70948	71100	71188	315438	70489
71178	71188
71197	76419	70489
71242	46285	98156
71362	40760	47363	46333	49574
71401	55600	71405	71406	71403
71567	76003	76000
71576	76415
71593	15174	14494	299593
71623	9752	71625	89137	25554	119831
71775	11195	46603	25554	239312
71895	103383	103382
72399	115669	117690
72467	13289	72204	68382
72541	52301
72568	10911	221373	25554	239312
72579	89280
72603	39543	13644	88054
72611	72614	254990
72650	50178	240282
72933	308382	72986
72947	12991	10878	50047	46161
73022	10383	42194	245511	124363	25554
73129	82212	121423	117690	107074
73162	43141	237161	123617
73284	73285	73286
73602	52481	320895	319871	75445	72986
73859	42316	30849
74265	120780	84622
74663	74637	90093	94015
74710	74742	74743	88798	29253	53305
74715	19495
74750	50841	302747
74803	77241	33344
74941	75088	75089	75583
75016	75085	75089
75070	75087	75089
75101	308580
75157	46375	135481
75236	52481	29639	90903	65936
75242	35711	25550	50047	46162	289273	287352	283809
75259	75089
75276	75089
75319	186914	135227	89104	220088
75340	73146	126379	107189
75349	147210	278844
75355	112778	75051
75362	75013	310440
75380	53820	254990
75533	75089
75534	75089
75535	75089
75564	70778	226076
75578	75089
75581	10260	310397	29672	25554
75582	75089	75583
75587	75089
75591	75544
75711	75760	6381
75794	5208	31099
75802	90130	93048	274750	274751
75873	33609
75889	46978	43318
75918	30328
76028	10390	53075	298093	50049	46159	96059
76207	76208	76209
76221	42641	10472	37257	166820	96059
76233	73285	49758
76297	76499	52481	76504	76403	76500	76502	95819	76501	76503	65934
76382	9395	5867
76417	13669	81409	12809
76537	9047	70018	25554
76540	52481	319447
76748	76752	74352	76499	52481	75337	76504	76686	76403	76500	76502	95819	76501	76503	65934
76779	74522	74375	74374	74361	230237	89612	18835	283149
76803	76499	98729	76686
76858	74823
77028	10772	77043	80372	25554	163184	92664
77040	29640	261794
77358	29031
77687	54631	77691
77709	191043	35273
78036	10859	70214	71259	80663	25554	70228
78141	80014
78331	13236	84045	147136	145786
78428	5066
78444	52182	311020
78465	10769	46157	296274	25554
78537	113921	88941
78597	6386
78602	5219	176834
78623	226018
78687	42140
78740	160867	80352	148289
78812	30283
78816	79863	89664
78866	80185
78868	80441
78946	71594
78949	14465	82913	43198	30892	310203
79352	5612	79353
79428	67490	6551	309253
79462	262343
79463	71226	87021	302747
79645	12481	10430	278769	279313	287352	273369	147288
79734	75544	220110
79816	79852	37391	116526
79851	71737	137393
80142	75544
80259	63054	63436
80494	80490	148289
80501	80490	148289
80605	60089
80617	25521	80377
80659	307121	13205
80662	307121	13205
80670	57649
80911	10450	9050	310847	88055	83669	76405	66780
80950	71500
81072	81069	148289
81095	82910	82909
81098	306958
81329	26272	10389	50047	46164	46159	95955	95961
81427	75544
81496	54724	97655
81547	80014
81568	80014
81581	80014
81722	152992	162606
81725	162606
81727	152992	162606
81754	162606
81770	30997	147814
81834	162606
81858	10859	29502	120186	276612	25554	82203
81865	162606
81919	152992	162606
81923	15311
81928	162606
81961	152992	162606
81988	152992	162606
82001	162606
82080	152992	162606
82135	76254
82158	43824	257276	92938	302747
82223	11176	39697	49574	69544	84136
82316	121115	31318	117703
82317	146683	31318	117703
82503	240246	125938	6574	220088
82569	76254
82594	76254
82707	82710
82896	83101
82898	100175	66246
83011	75544
83037	76254
83159	88210	6534
83320	73143	107023	117690
83323	9667	68743
83418	84053	84054	42555
83588	10156
83928	16786	25549	218288	81748	218287
83965	10123	29220	289273	25554	282507	289620	31070
83974	91225
83998	308284
84031	85026	137393
84081	71227	74241	302747
84093	286425	158910	302747
84218	91225
84496	79516	5381	42554	127573	30122	6382	11524	21936	79511
84850	85499
85130	76254
85559	30965	45419	21487
85695	13634	314532	42592	48182	25554	223694
85775	85499
85877	117065
86049	76254
86084	141359	18501
86318	40037	94128	47821	42592	25554	223694	15854
86329	5086
86386	25571
86610	13067	43387	46091	46049	300339	11004	165865
86698	4985	42509	39188	42469
86728	86145	267103
86798	29640	84330
86803	13634	300298	25554	66939	85762	239312
86821	29640	29636
86868	13238	13065	60853	86452	50057
86987	47908	46309	25554	260511	239312
87034	42641	9789	37305	29507
87077	240282	5195
87224	13672	100123	87199	69045	25554	5389	7909
87243	42204	100123	75887	87199	88886	25554	5389	7909	106846
87332	5195
87787	73141	55022	55029	117690
87908	84396
88150	17316	124363	120152	299359	25554
88383	73149	117690
88639	17108	121924	25528
88649	13669	272014
88711	76254
88867	70778	28661
88879	8266	9784	11221	88672
88901	190074
89082	53861	29907	8079
89454	121665	121667
89740	13097	40753	60853	86452	25554	50057
89937	12179	86960	57649	89945
90096	9045	25550	224680	43107	47561	42283
90374	82991	84396
90544	37293
90745	53132	12956	50047	46333	90739
90790	9732	143439	245511	68977	54931	67441	25554
90797	73141	93895
90839	77278	77277	63395	53732
90858	12988	72973	90862
90871	99056	5378
90897	43743	220088
91088	45653
91091	90776
91094	90776
91115	10738	53607	46091	46049	46051	25554	119805	7911
91126	90776
91191	75085	114792	114794
91223	11520
91316	10646	46050	46049	46051	25554
91338	110124	130974
91364	7912
91564	91569
91777	42452	289141	320445
91888	8266	26276	29511	141360
92000	46479
92897	21853	44786	301351
93110	71500
93543	74053	161043	54932	26940
93616	68453	94027	307824
93794	46478	306995
94040	217633	52202	117690
94066	10387	53607	46049	25554	119802	7909	7915
94085	13634	124363	46049	120152	304721	302934	25554	119827
94179	35580	55209	280944
94318	5371	147814	30998
95383	6017
95504	26272	8394	289550	286649	95995	289304	289301	289567	82193	285916	95539
95523	9664	25554	56074	66762	46238	95539
95906	65276	307051
95967	76254
95975	226076
96336	8271	86960	290146	278777	30906
97003	73149	99030	117690
97006	65212	97033	61545	5375	19279
97188	84389
97343	54970	318602	84200
97400	71500
97443	30892	310205
97511	97514	34278	77681
97604	10552	9050	101984	48182	231072
97765	105909
97778	97790
98043	9390	115444	243384
98359	87404
98406	61099
98529	6534	65945
98532	226146	226147
98950	98562	147210
98963	135503
98978	108218
99041	92658
99046	10579	99056	25554
99079	4985	39188	6574
99086	74823
99152	309232	306871
99222	53797	117703
99224	39186	305867	223826	54931	25554	223694
99239	72227	52382	46163	106300	99240	50057
99293	139411
99434	27577	42698	307598
99653	8262	48771	25554	282509
99776	306219	141362	59275
99917	65181
99921	65181
99945	8271	316267	114451	48874	103103	25554	282516	119833
99948	11694	120154	316267	114451	103103	25554	282516	119806
100070	11161	305867	223826	54931	80331	25554
100092	5220	88262
100127	100704
100256	9794	25554	161442	239312
100353	66708
100600	72455	91560
100634	8331	99816	25554	282511
100762	9049	35579	25554
100767	51568	51562	120475	70912
100807	66748
100844	53797	117703
100863	53797	117703
100895	117703	18616
100902	53797	117703
100903	53797	117703
100904	53797	117703
100969	84818
101019	101162
101042	53797	117703
101068	53797	117703
101150	53797	273752	117703
101151	53797	117703
101200	53797	117703
101215	53797	117703
101272	53797	117703
101314	8305	46309	25554	285843	239312
101315	8278	46309	25554	285840	239312
101461	53797	117703
101462	53797	117703
101463	53797	117703
101464	53797	117703
101528	53797	117703
101529	53797	117703
101547	105871	93269
101688	305653
101692	47915	17533	69882
101693	167160	39798	69882	147205
101817	9388	46050	25554	119832
101832	83147
101957	14525	9782	108881	83117	119832
102129	53845	102121
102221	130623
102241	10385	316267	75882	99815	25554	282511	125343
102261	74823
102284	266042
102424	102425
102445	107021
102478	46480
102591	108218
102703	102704
102751	6106
103156	73156	96993	103326
103304	53911
103396	52884
103483	9492
103518	10429	86960	46049	165865
103599	103666
103846	75544
104178	66116	103666
104180	75087	104318
105000	30725
105072	18451	121924	175105	14329	122689	25533	25545	25528
105163	6106
105675	12740	29907
105686	10742	9789	90791	285348	287352	5375	47561	117208
105833	147813
106051	116377
106054	10764	47911	305870
106115	36690	165499
106142	18941
106163	30350	126049	178096	224207	268536
106611	55622
107031	9794	46050	25554	165865
107049	55622
107515	155620	53619
107522	10470	245511	124363	120152	299359
107672	10383	283673	59269	276996	264150	287227	250014	25554	10816	119807	275297
107996	41708
108191	179828	26054
108217	108218
108219	91070	258445
108491	262696	94260	148230
108549	108550
108767	108769	108770
108891	43824	257276	302747
108953	42621	109135	307598	318536
109224	10765	86960
109423	98560	226137
109483	58822	145654	108770
109526	55891	63548
109674	94016	307795	89021
109776	139994	166467	120123	120124	92658
110361	51485	55761
110504	22644	10842	45964	146356	306906	285798
110512	186914
110723	13672	257720	215348	135304	257868	257658	25554	257694	273992
110764	110805	110788	110771
111187	66786	53765
111381	155620	99856
111535	88486	14329	237161	54257
111791	103470
111792	49186	63406
111800	74653
111862	145651	46478	306995	124361
111894	10731	111897	257662	25554	119806	239312	257702	217118
111942	125578	308676
112108	112235	86145
112147	8266	13658	257662	75254	257658	257665	257657	239312	273992	257660
112173	43824	302747
112259	5328	293766
112319	10382	9665	75254	214992	257717	257702	273992	257660
112325	71099	93269
112349	112344	112352	110771
112375	5872
112380	112352	112382	110771
112488	21506	21133
112497	127873
112621	123656	21718	92658
112897	10541	15173	126029	145655
112898	133466	215407	75243	76314	298650
112942	147210	278844
112987	112991	281056
113030	129071
113096	125578	117703	164359
113394	147210	278844
113397	147210	278844
113414	113421	113417	110771
113819	113820	113821	110672
113862	53118	11173	146356	144281
113966	147210	278844
113970	147210	278844
113984	147210	278844
114045	64358	283149
114249	122922	36127	115922	139414
114331	278380	66495
114341	122922	156363	36127	115922	139414
114350	74823
114498	122922	36127	167236
114518	147210	278844
114762	82212	108580	96993	108581	107074	108579
114764	17120	121924	122689	121921	121922	123616
114870	10646	117340	283167	25554	287305
115026	11539	9655	152596	152849	285915	287925	289273	292594	282515	287352
115051	13092	10839	71057	29220	147205
115085	115225
115295	103383
115310	12204	72123	25554	119805	239312	70228
115375	147210	278844
115378	147210	278844
115554	73150	116723	108580	115680	117690
115561	105908	115696	107075	114336	115698	307102
115599	103382
115883	10865	70302	25554	72122	70228
115990	141606	164217	166132	260618	162222	163126
116316	10731	300298	45588	25554	66939	289269	285805	118343
116455	10125	21859	308002
116558	65207	165931	10961
116732	54723	122689	73163
116884	115618
116904	146925	115638	117703
117216	73884	117148	111522	117690	115343
117335	147855
117563	20181
117618	241487
117794	110664
118045	121924	135509	122689	237161
118167	127872
118232	97034	12556	5840
118374	17123	25639	25525
118459	309623	37630	12696	305843	39873
118527	64804	41667
118692	12556	36127
119663	122899
119706	112388	119707	110771
119723	5498	30440
119733	123148
119775	10385	278768	276996	34590	25554	119832
119973	30849	66874	58829
120008	122963	256946
120069	17095	140583	140584
120109	83108	15221	13205
120118	9046	220468	151063	117558
120149	10769	53258	25554	239312
120176	266042
120210	45500	5860
120225	75230	68014	220110
120249	73146	106984	115680	107067	116221
120313	43826	87027
120359	11520	181262
120482	73149	120057	117690	115682	107074
120537	69119
120792	42469
120808	77424	116542
121137	262577
121250	198821
121254	55946	71405
121269	89400
121275	104402
121286	53229
121432	113295	123653
121464	230237	89612	310407	18835
121488	123641	167598	93974
121530	43811
121597	10891	86960	119816	119802
121715	10859	25554	188010	239312
121721	10385	8306	88206	296331	239312
121852	10468	86960	123292
121877	10859	25554	282785	69931
121902	121801	312433
121904	49758
121906	50273	125999	278769	224680	12694	317393	282354	147205	95953
121950	119749
121959	108916	122982
122067	250161	240282
122228	17096	121924	237161
122540	122899
122788	147210	278844
122871	53844
123611	26301	123612	237161	123976
123856	119645
124066	16791	50231	146356
124135	93974	117534
124148	29645	136194	150734
124184	161043	7857	127597
124498	124503
124661	124660
124837	164604	110268	220088
124858	124857
124982	10159	277361	151063
125096	306958	139411
125204	125206
125214	11436	125206
125599	17110	13205	237161
125674	8305	40017	65224	144281
126158	88486	121924	16418	175105	122689	25533	237161	25545	25528
126236	42207	25541	86136
126261	196919
126323	133466	113830	263421
126425	121114	126427	110771
126625	17093	14329	121922
126823	133466	113830
127079	99769	130556	74669
127419	110124	307071
127526	305651	306215
127974	10769	25554	239312	218246
128032	138357	308282
128055	4985	240282	5195
128088	30938	19863
128102	128104
128137	15306	40026	78328	310847	261713
128213	275816
128237	228323	115350
128474	88486	14329
128660	130533
129010	9388	156139	25554	239312
129030	9752	53258	25554	239312
129045	10427	46603	293187	25554	239312
129248	129251	129250	110771
129285	99321
129317	132780	30960	152992
129576	9401	130622
129621	249412	148280
129639	54759	129642	78328	261713
129771	30725	31833	6810
129847	71500
130255	18501	117703
130259	11161	46309	25554	273369	239312
130263	9775	156139	25554	239312
130391	226038	226043
130395	99101	307078
130432	147210	278844
130710	30265
130778	23605	114735	25554	239312
130820	10466	25554	207292	239312
130919	256345	103379	255658	59463
131332	45815	307068
131345	8273	46309	25554	285803	239312
131369	55791	307068
131450	17239	97410
131705	10769	151310	25554	239312
131851	10427	25554	239312	205411
131865	10859	156139	25554	239312
131960	10156
131986	5208	9486	31099
132028	11661	114735	25554	239312
132059	10427	114735	25554	239312
132083	45501	230870
132166	126427	132168	110771
132254	66980
132665	110124	220110
132718	6670
132981	250727	220110	21070
132989	73149	313264
133204	10859	188011	25554	239312
133227	10646	151320	25554	239312
133228	11694	46309	25554	285868	239312
133290	10646	216542	25554	239312
133317	115286
133918	10886	15310	234624
133927	234624
133935	9351	45592
134124	10738	208986	25554	239312
134127	9752	46309	25554	285789	239312
134129	13672	224680	54931	46309	25554	285861	239312
134157	9732	46309	293187	25554	285840	239312
134237	8531	13658	276996	46049	46051	320860	119802
134240	11195	314532	42592	25554	134243
134265	10385	29672	99056	25554	47561
134268	135090
134306	5208	66862	9486
134378	77043	25554	301169	239312	92664
134389	5876	5195	23810
134493	55931	46803
134970	10859	114735	25554	239312
135252	132168	135253	110771
135295	42537
135327	54274	6574
135336	13205	42637
135376	6670
135577	9775	60521	124363	276996	120152	306124	254733	68994	89137	25554	117558	63875	296791
135605	66863
135736	110124	75013
135737	75089
135769	155620	230433	135329	83390
135802	54759	68374	96448
135908	135907	135932	135906
135953	135941	150734
136188	10865	77043	25554	165865	239312	92664
136258	46043	147210
136305	81764	5830
136443	136448
136563	8281	208986	25554	239312
136564	10859	25554	188010	239312
136634	50178
136640	50178
136759	74606
136793	73151	115667	108975
136798	29624
136870	13205
137046	137052	150734
137271	10470	114733	46309	25554	223694	239312
137287	11661	156139	25554	239312
137288	10427	46309	25554	285852	239312
137317	53797	117703
137359	50178
137516	50178
137725	50178
137777	10768	316267	142482	25554	282509
137810	10387	188011	25554	239312
137912	50178	240282
137965	50178
137977	10352	309492	124813
138204	88486	121924	14365	122689	25533
138331	50178
138375	53770	104422	58829
138533	99321
138634	21070
138733	137551	137393	166132	260618
138768	11195	209600	25554	239312
138786	10772	25554	239312	114734
138804	108910	305860
138927	10717	44574	317975
139064	54187	54189
139194	10552	25554	80315
139330	4985
139453	147118
139552	50178
139612	50178	65961
139632	76970
139704	82212	55022
140072	4985
140317	4985
140492	17110	140496	121922	140495
140517	86159
140621	4985
140934	4985
140957	66748	5872
141067	18101
141385	141377
141393	115928
141533	8274	53607	276996	46049	89137	25554
141595	141593
141596	141593
141832	52709
141950	18449	121924	175105	14329	122689	25533	25545
142354	11161	305868	46055	25554
142541	53229	31680	312433	220088
142817	10357	218434	76968
142948	142765
143027	165922	30965
143123	11450	53770
143145	71226	302747
143149	71226	87021
143324	19495	5871
143452	29645	205446	150734
143502	244069
143854	9047	305868	25554
144294	72395
144324	46379
144838	76968
144840	53797	117703
144856	53797	117703
145021	29307	220110	124357
145257	48723
145751	63732
145861	114577
145981	105916
146289	31550	48695	38676
146419	42640
146509	128754
146680	135253	146682	110771
146764	138190
146832	40634	74737	261713
146899	43201
147037	147103
147047	63732	147103
147321	161552	285047
147471	101719
147775	117878	25554
147850	147851
147916	108769
147947	65947
148073	117878	258445
150512	166467
150915	9752	151310	25554	239312
150916	55749	117703
151004	177923	117703
151005	177923	117703
151006	177923	117703
151007	177923	117703
151008	177923	117703
151012	177923	117703
151013	177923	117703
151017	177923	117703
151018	177923	117703
151182	146682	151183	110771
151507	96233	55749
152319	65365	319419
152574	4985
152634	43824	302747
152840	46045
152892	89426	172164
155802	43813	302747
155997	43813
156100	89059	302747
156724	11195	197159	25554	239312
156728	11195	114735	25554	239312
156733	23605	25554	239312	200839
157523	23605	25554	163996	239312
157665	6017
157767	9794	88206	25554	296330
157781	10766	151320	25554	85716	239312
157783	8276	313650	25554	85716	239312
157913	79470
157983	8273	151320	25554	239312
157995	10859	53258	25554	239312
158006	11161	156139	293187	25554	239312
159272	31550	49186
159401	23605	151310	25554	239312
159403	18501	117703
159411	18501	117703
160667	115350
160947	5834	310262	72140
161029	13634	217259	25554	239312
161070	308280	308312
161382	258600	34033	306942
161408	18501	117703
161473	42578	244591
161520	141606	163126	188315
161524	10772	77278	25554	161525
161560	9732	114735	25554	239312
161704	10764	13288	49344
161705	17187	52201	117690
161868	246122
161928	10731	25554	239312	200839
162263	13672	46603	25554	239312
162943	9752	25554	208981	239312
162990	10383	46050	57668	310397	89137	103103	25554
163349	23605	53258	25554	239312
163369	16858	17533	261713
163509	23605	25554	85716	239312
163554	9794	46091	124363	305868	46049	46051	25554	147293	117558	7911
163636	177923	117703
163659	87756
163782	6670
163790	9752	46309	25554	223694	239312
163800	10772	46603	25554	239312
164168	10911	46303	29642	25554	239312
164332	312433
164438	23605	114735	25554	239312
164700	164701
165233	5389	142762
165248	35707
165337	8275	65224	72422	289567	293393	25554
165351	55749	117703
165472	9492
165770	56124
165822	23605	88206	25554	296340	239312
167198	9721
167226	11450	6544
167355	175019	97044
167420	52482
167688	242479	167557
167854	283149	308676
168001	308675
168004	283149
168088	11446	6810
168197	5600
168390	96077	47238
168399	53132	10910	175150	289309	76405
168429	30267	103383	222543
168454	30906
168527	54723	195781
168538	182140	22738
168627	56668
169220	242479	167557
169652	10466	114731	46309	25554	285802
170029	242479	167557
170181	6575
170248	123047	12959	18612
170339	25659
170416	65365	170928
170678	49066	111084	261713
170695	5498
170804	40038	40042	307242	69882
171140	172549
171483	53732	65902
171536	303277
171537	303277
171567	6546
171750	177530	177531
171778	140068	148230
173300	69426	25554
173543	115618	117703
174130	42139	15598
174433	74823
174842	17093	175105	126811	121922
175026	64358
175264	29357	59205
175310	89713	5188	5860
175757	77200	52481	124851	34961	30892
176021	53821	10157
176589	113635	293195
176900	155620	176908	81172
176909	36310	81738
177114	177115	52455
177226	10381	25554	85716	239312
177229	10731	25554	85716	239312
177543	148230
177632	277538
177900	39637
178025	16253	10885	175150	46158
178087	10383	57765	289267	289273	25554	260511
178089	13289	72204	58822	10120
178419	10731	114735	25554	239312
178456	49275
178614	71500
178977	10739	114735	25554
178980	11195	114735	25554	239312
178987	13672	114735	25554	239312
178993	10466	114735	25554	239312
179114	10386	114735	25554	239312
179149	93798
179160	248047	235149	53687	263234
179237	93798	88943
179402	67733
179464	10470	114735	25554	239312
179472	10382	10424	114735	239312
179502	71500
179637	71500
179645	71500
179763	71500
179817	53797	117703
179930	53460	192048
180155	53797	117703
180231	71500
180236	71500
180524	46091	220110
180700	176855	161575
181028	128754
181039	123656	37630
181193	11175	13658	50046	57763
181205	31939
181248	226076
181328	9045	10146	68834	10464	99769	53270
181436	176612	190301	176614	148230	294189	176726
181467	53797	117703
181537	155620	293195
181665	14389
181672	14389
181930	209358	209356	281021	209359	209360	306732	148230	281075	176726
181934	281037	180750	294174	176666	294172	148230	281025	176726
182145	10859	53258	25554	239312
182213	53797	117703
182644	124724	144952
182881	155620	127872
183291	183295
183331	13634	151320	25554	239312
183371	108916
183430	232505
183453	5220
183548	9752	151320	25554
183877	14525	12157	43107	287386	282511	287352	287388
183987	46589
184216	308272
184220	31833	310190	55721
184531	230870
184660	170652	90908	184685	82193
184729	140357	44158	315467
185126	55749	315467
185175	14389
185245	135839
185343	181787
185919	10767	8306	310847	29510	72519
186134	178078
186263	88886	19494
186275	9045	13658	57765	287369	289273
186470	304006
186471	13669
186473	38292	5836
186697	103383	189817
186753	63732
186904	11161	46090	85589	25554	12507
187142	12991	12956	310207	310222
188039	145649
188246	281023	209358	281030	256967	209359	306735	281028
188369	176664	148230
188948	172023	121710	220110	139409
188956	53797	117703
188959	53797	117703
188960	53797	117703
188965	53797	117703
188997	10361	72204	10120
189305	10159	47911	53305	46160
189540	47070	7147
189612	43249	117703
190109	10764	15631	57765	89137	57763
190651	53799	117703
190701	135599	147210
191453	10466	309338	7912
191506	10769	114735	25554
191527	9286
191713	80888	220088	5498
191816	77431	77397	12729
191823	46480	220110
192005	192009	112235	192006
192073	5863	52709
192144	44074	302747
192204	11161	25554	208061	239312	200839
192726	42601	11630	45371	291485
192766	10427	216542	25554	239312
192801	192125
192900	10731	25554	114734
192973	10739	156139	25554	239312
193067	147210	36025	80365
193515	6633
193561	10772	25554	207290	239312
193681	9775	25554	217418
194060	10731	218012	25554	299598	239312
194380	115350
194420	34696	6633
194666	108218
195109	309626	105918
195409	11661	216542	293187	25554	239312
195446	43743	195447
195568	53861	6534	58829	20424
196173	189720	148230
196337	315349
196718	292476	92658
196744	92658
196761	10769	46050	25554
196829	226090
196834	151056	106999
196943	12470	75254	257861	212503	25554	260050	273992
196950	317569	55939
197006	13634	75254	25554	214992
197007	26710
197091	242479	167557	152992
197107	66776
197261	17119	122689	216088
197333	12179	86960	276996	119827	286638	98893	74669
197512	10865	75254	212503	25554	260050	239312
198597	8265	13652	208978	212345	85716	239312
198675	53740
198703	74823
198801	10738	119802	239312	92664
198969	74823
199340	74823
199354	11450	30338
199375	30338
199812	10388	9051	66933
200468	10427	187483	25554	239312
200543	191043
200608	42464	11145	8192
200681	25571
200833	10731	218006	25554	239312
200902	93918
200953	46480
201037	124868
201463	10384	93241	25554	13855
201988	73285	116694
202966	74823
203521	266042
203533	164359
203596	10381	298751	218012	25554	299598	130434	239312
204876	42166
204910	137041	135932
205077	9049	25554	137074
205121	8331	310397	25554	135905	119819	98893
205250	74823
205257	10386	151063	46804	310397	25554
205294	9388	25554	136182	137021
205432	9388	25554	135959
205865	12204	286631	74520	108881	310862	25554	119832	311662
205979	42537
207419	40037	75254	215348	279333	274459	25554	271944	239312	273992
207607	13674	11088	108881	119814
208041	10646	114735	25554	239312
208210	114052
208357	74823
208399	10859	25554	216674	239312
208553	13634	86960	75254	214839
209002	131577	111943	110771
209093	74823
209185	192126
209341	74823
209594	40256	40034	17320	307808
209796	10859	114735	25554	239312
209944	192126
210332	141606	137393
211121	172039	77225	287748
211157	10427	209029	25554	239312
212013	218920
212097	96143
212207	192125
212505	23605	218532	25554	239312
212838	105935
213129	228323	115350
213134	10387	111897	215348	257841	257821	25554	257694	119818	239312
213156	53799	117703
213197	189720	148230
213727	11170	13078	46803
213793	30267	317405	307961
213798	39187	11660	30267	317405	307961
213825	10742	11536	308523	48870	317405
214060	211984	306385
214889	10450	10829	25554	46803
215015	192006
215248	39187	11177	317405	285709	307960
215343	24277	13288	30269	308523	48870	103383	317405
215353	102553	155620
215360	189720	148230
215467	218819	315405	61119	53819
215704	10385	25554	122862
215855	13885	68511	47007	199783	152952
215915	10852	40017	48874	47007	103383
216039	109314
216184	64358
216305	54912
216318	31445	61545
216383	11179	10389	24911	88798	96059	80845
216527	10999	9789	108881
216717	11566	290191
217026	15808	187044	25554
217185	44073
217336	13696	42043	147205	9605
217501	13067	10445	46050	46049	119835	301476
217594	75060	25459
217710	12470	277361	75254	25554	239312	214839
217843	75131	5875
217850	55309
217912	51479
217929	40464	11499	307933	282843	282507
218060	40201
218203	218292	5872	255673
218205	142674
218440	40466	70877	92836
218458	11658	50243	50056	50049	46162
218549	30326	218555	6386	274714	78987
218562	247157	176834	315614
218604	10543	40553	307597	46333
218771	48153	15857
218791	10381	114735	25554	239312
218800	116617
218804	48153	15857
218859	14749	46603	25554	239312
219423	65195	124363	46049	120152	299359	119647	119649	25554	119823
219520	30267	213593	103382
219529	20929	179824	50056	53817	46333	46163	13436
219860	14493	240381	25554	239312
220230	11520
220374	220405	148230
220607	11661	25554	239312	200839
220630	177923	117703
220716	17118	121924	16418	175105	122689	25533
220852	201294
220966	61345
220986	10769	25554	207290	239312
221036	155620	221054
221261	10772	25554
221271	54723	46039
221413	11661	114735	25554	239312
221515	10382	120154	46091	46049	55575
221640	278875
222271	222184	224207
222321	124849
222324	124849
222353	16786	13288	57765	90787
222534	30267	231284
222842	53090	147205
222870	293211	38670	74371
223015	310492	38670	74371
223284	53104	271169	113558
223532	38670	147210	74371
223703	223709
223787	133373	259326
223844	289116
223850	289116
224739	66748
224764	105916
225001	93048	33344
225333	116055	115657
225590	75766	71405	220110
225659	5960
226091	226088	226094	226093	226085	151056	106999
226267	16758	226092	220110
226443	98562	53685	310262
226455	145663	5222
226456	68497
226485	8265	220468	36807	226486	289273	219069
227532	8281	227518	25554	309977	47176
227918	305651	228241
228139	247094
228665	42464	39698	309981	108881
228933	67733
229451	220110	229441
229581	54410
229852	14750	307648
229858	10738	257661	257658	257866	25554	257715	257657	147205	273992
231040	11195	231072	25554
231085	53232
231146	71236
231281	147210	53687
231428	10427	74651	25554	59007	98893	74672
231584	10765	46164	81748	71625	226486	25554	119802	311662	219069	37573
231675	19495
232032	9351
232131	17316	227518	25554	54651
232586	57085	117703
233248	73146	93975	96993
233421	66932	233188	5864
233588	11222
234186	131399	75766	294593
234622	234624
234999	234624
235268	30725
235561	262344
236175	8266	9733	47815	227518
236197	59108
236303	234624
236310	234624
236322	234624
236325	234624
236385	234624
236408	9046	25554	282785	57682
236481	234624
236647	53829	286030	124823	285989	285909	62341	286034
236652	9103	9665	299266	298751	218012	299598
236654	10552	218012	293187	25554	299598	239312
236705	10427	25554	202898	239312
236793	30725
236806	128754
236816	10450	12202	310388	46164	46051	119831
236868	63732
236891	10450	9667	56074	253122
236910	287938	228013
236956	14093	5834
237067	25767	117703
237137	14017	13944	234624
237151	234624
237288	14017	13944	234624
237376	23605	120154	227518	285716	25554
237489	14017	13944	234624
237523	6551
237546	14017	13944	234624
237603	191043	77257	33344	164915
237722	6551
237781	227518	144543
238545	117342	238531	127597
238855	10886	40640	75254	239295	212503	273994	260054	273992
238873	68920
239285	10646	215348	241396	25554	257665	214992	239312	273992	217118
239637	317113
239800	12204	227518	6647	25554
239848	11661	144543	46303	293187	25554	239312
240580	43810
241044	267360	45956
241329	10911	46309	25554	223694	239312
241513	10731	25554	218530	239312
241584	7147	63069	6536	70793
242574	208621
242760	5195
243352	117703
243682	10427	209029	25554	239312
243813	65279	307072	220110
243870	54680
244025	55532	53608	102425
244215	65276
245212	10646	216542	25554	239312
245244	14493	218012	25554	299598	239312
245821	69299	66495
245824	205446
245876	6523	6551
246210	11661	25554	207290	239312
246219	11661	227518	25554
246500	25557	99267	15598	42166	38468
246734	246122	122127
246891	14493	220468	74518	77043	147294
246996	9794	216546	25554	239312
247122	6551	222543
247174	70912
247338	135839	26537	5362	56527	160864	148230
247518	87343	87346
247985	14328
248593	239290	32228
248839	46478	220110
249040	10859	188011	25554	239312
249653	42476
250326	103383
250430	74630	10651	88797	88835
250677	47001
250740	110777	269606
250741	66714
250774	55022
250790	5876	306219	138578
251015	29031
251558	39868	88886	25554	310106
252845	40760	51666	6727	72519
253002	253018
253548	79825	54394
253938	9790	10448	19921	12518
254480	34748
254542	10999	9667	248948	124363	46049	120152	315505	119835
254927	138956	121924	25527	237161
255292	108531	121924	175105	14329	25533	25545
255403	229078	283149	164359
255896	42468	254990
256179	138431
256402	246122
256606	117690	121651
256773	8274	11540	315354	95971	119816
256817	266879	148230
256957	257121	256946
256959	257121	256946
257113	257121	256946
257120	257121	256946
257214	117065
257430	99267	31445
257437	40037	75254	212503	25554	260050	257721	273992
257745	257755	256946
257754	257755	256946
257927	112516
258103	75759
258186	75759	258275
258468	82212	258720	108580	96993	107074
258552	116482	176834	6386
258625	21070
258633	164359
258818	88486	25527	25525	122689	237161
258855	290034	124363	25554
258868	176834	258869
258926	112504	117703
259075	8331	10430	259066	147205
259150	220110	141593
259253	305857
259277	246122
259386	246122	76423
259609	23837
259616	246122
259792	46001
259801	172044	79840	311662	150734
259973	33180	83121
260016	18142	12956	75254	239295	212503	260017	208500	260022	273992	260018
260098	9752	257720	75254	212503	25554	259991	260099	260050	257728	239312	257702	257820	217118
260174	10772	72126	25554
260175	10769	75254	257861	260177	212503	25554	260050	257873	239312	214839
260360	147205	48755
260374	12965	12964	245511	53607	119839
260604	316137	5871
260793	14747	67540
261132	94016
261264	269947	90535
261562	278875
261597	305651	25556	9648
261634	77043	25554
261819	36967	5498
261890	6645	29220
261953	46001
262015	147854
262377	181787
262544	13669
262666	9390	76331	98069	89021	272767
262899	26887	9390	42562	52455
262980	114132
263225	263234	50712
263246	39117	12980	310207	310222
263331	167819	53690
263343	10613	25031	287361	291682	71057	287386	289305	199783	287388
263370	28087
263429	263430	49758
263694	270670	270143
263757	147855
264235	112504
264237	112504
264341	112504
264467	123656	8453	37630
264589	264364	61930
264592	264651
264854	235114
265001	265005	265002
265136	265088
265205	65879	91568
265793	8531	8306
266105	9103	25554	282515
266137	5219	66710
266306	307121	308045
267466	9388	9733	267468	87352	278781	6532	291487
267667	35707
267680	15850
267848	218555	78829	9721
267918	10145	13065	271043	308002	141360
268110	16858	68374	308523	48870	199783	47894
268291	10384	23372	25554
268398	261625	84611	84606
268755	10387	75254	212503	25554	260050	257873
268781	55375
268878	190074
268904	9752	75254	257658	212503	25554	260050
268912	65879	121364
269020	75035	269021	311662
269029	283385
269110	13550	12212	9605
269224	63059	29624	53874
269341	258448
269394	11221
269537	76968
269560	5219	6579
269593	90741	66717	53861	20424
269667	31940
269680	125958
269892	299936	299918	88945
270111	270117
270209	6539	258448	56552
270363	12470	315974	25554	201380	118384
270601	10159	47911	47174
270772	10886	40553	11221	6625
270876	113635	293195
271015	10579	271021	25554
271019	271021
271171	50464	138181	307235	275388	276001	307800	271087	307799
271339	77254	311978
272006	25644
272143	10468	10887	272145
272358	10579	25554
272368	26887	62778
272930	39188	6574
273078	10865	290120	76689	25554	283077
273178	13556	273196	112636
273188	137743
274077	5870
274110	124686	30269	124687	23058
274210	265088	44554
274359	45966	5864
274429	9732	260026	75254	212503	25554	260050	239312
274456	8265	75254	215348	257658	212503	25554	260050	273992
274535	116530
274613	88200
274791	53104	47910	274733	274805	274808	274822	274796	271173	307085	274880	274824
274793	72381	188415	274733	274795	274798	274805	274808	274796	283324	95948	307085	13436
274804	42161	91083	274805	274808	274822	274796	95948	271173
274811	93208	138181	274805	274808	274822	274796	274807	271173	271081
274916	9752	12740	25554
274970	10383	111897	257720	75254	257729	25554	260050	273992
275021	11167	52670	274488	307235	275388	274441	307802	307800
275068	12927	143279	306755	274733	25606	10961	306592	274824	307799
275074	23605	75254	257821	212503	25554	260050	257702	257820	214839
275166	53287
275188	258443
275593	10381	42592	275391
275680	261625	84611	53770
275830	126014	62778	6532
275862	5219	56327	30960	5871
276171	47235	15631	8192	287353	253122
276280	165910	40747	276156	274648	276281	95948	271081	307799
276289	74745	40761	274733	275082	95948	76686
276586	10381	25554
276610	9103	276611	175150	276612	89137	25554	282785	289309
276663	30269	81165	12809
277047	10591	26276	276612	289266	282785	289309	57682
277446	6670
277739	10877	10878	111897	260013	214992	271944	260022	273992	260018
277865	5876	256068
278042	190074
278359	53861	13435
278360	172043	209358	209356	281021	209359	148230	306735
278842	9614	274750
278893	62525
279159	30784
279194	307779
279290	105512
279316	13634	111897	75254	25554	271944
279591	83781
279753	225743	44381
279870	135581	145655
279892	52072	25554	271944
280040	283329
280099	5211
280203	76254
280362	220110
280486	280471	54394
280493	280471	54394	77433
280553	280471	54394
280734	10384	77043	25554	118384	92664
280737	12204	77043	80372	25554	119805	239312
281017	275998	110140	49006	287386	15842	296351
281143	91069
281191	40011	9391	35707
281257	11161	317862	224680	305867	223826	54931	80331	42592	25554	223694
281307	281042	286195	281226
281330	13207	10763	274488	26479	95948	275388	307800	72184
281516	147855
281604	310846	29184
281643	11661	25554	281645	257820
281646	10646	75254	212503	25554	208500
281903	9783	13288	287925	188978	282515	47894
281998	53132	10146	58802	282515	47894
282311	308504	147210
282456	123656
282592	30267	103382	222543
282606	62276	103382
282616	9103	86960	310388	120154	316267	317404	310397	282515	119833
282679	308674
282836	255658
282888	270670
282906	255658	33609
283182	6012	282633
283194	35580	13644	99071	277231	147205
283307	35739	10451	122992	74649	117558	283304
283418	124503	309855
283438	30394	53619
283441	10545	80933	228323
283674	39868	315974	228616	25554
283685	47069
283823	10767	10650	316267	317404	282515	119809	47894
284145	30267	282633	103382	310464
284504	298582	30849	8079
284719	117338	116055	115661
285067	11385
285388	282362	288178
285529	259788	282362	67199
285673	309619	259326
285900	17468	285626	285246
286363	21487
286480	8262	165299	290146	124363	305868	200745	120152	163184
286583	10385	245511	300712	309983	124363	305868	25554	119805
286712	44082
286785	286825
287046	13067	8293	124363	120152	315505	132777
287314	290047	290048	290049	42579
287427	10766	220468	124363	120152	135510
287501	115154
287585	117690	121651
287880	14749	111064	60521	120152	25554	119802
287897	305654	189817
287965	10765	124363	120152	25554
288053	288048
288251	95951	288254
288402	26272	12400	317401	285626	287925	287386	285709	48772	289273	282515	47561
288412	309263
288430	103383	82801
288645	10591	10467	310847	287386	289273	282515	287352	47894
288653	53690	113648	53685
288957	78829
289017	8265	124363	120152	25554
289283	73156	14328	121651
289291	8275	9079	124363	120152	320251	283506	303972	308624
289479	286127	220110
289707	6570
289850	10768	47821	25554
289928	6386	176798	176868
289991	5219	231284	5871	6574
290022	10429	75254	215348	257658	25554	260050	273992
290358	10388	9051	316267	317404	47007	306712	282515	132777
290474	12481	25549	151063	108881	275411
290529	211984	306386
290797	73149	108580
290902	9664	96435	310847	310213	317405	25554	282515
290932	9301	213593	5222
290988	163167
291032	68018	6570	55552	286268
291413	40037	124363	46049	120152	119647	25554	147297
291535	8265	285626	287386	317405	25554	282515	307659
291687	47235	9751	36079	48870	287386	299058	282509	287352	285862
291840	39187	13643	48877	48876	289273	282511
292021	12355	46049	300338	11004	294089	165865
292155	141654	293500	21506	293962
292269	42701	5220	277072	306528
292480	292498	281048
292541	12965	10467	46091	46049	300339	11004	89137	292467
292607	307101
292684	229409	164359
292807	290048	290049	290050	49665	230961
292904	11450	318757	82801	5222
292909	266879
292915	76410	44157
293426	10386	290017	25554	119832
293601	21506	293602
293709	131912	146928
294113	75314
294206	49648
294460	5837
294604	297900	295839	287290
294692	91811	8545
294704	97401	165309	171060	5875	26939
295064	288051	23112	295075
295194	10386	299266	298751	218012	299598
295553	123148
295611	10427	25554	5390	282785	49244	69931
296539	81165	181262
296759	10383	25554
296773	49749	25013	26479	95948	271706	141360	72184	271131
296787	296788
296861	10969	138638
296879	288051	23112	295075
296952	74022	307148	89612	63860
297194	32914
297223	91070
297227	80371
297661	66721
297695	112729
297843	53228	5871
298454	10769	52072	25554
299023	299022
299102	20632	305597
299275	316498
299326	88951	305597
299338	305597	86135
299603	60878	10581	275411	95948	271081
300069	6631
300337	10765	9655	300338	11004	294089
300467	44078
300486	9049	29641	305035	25554
300680	10527	12400	6597
300789	71577	106756	92068
300813	305597	315453
300883	6570	25557	25556
300943	46374	224898
301064	96428	294593
301132	75415	147210
301221	30269	103382
301293	6435	45419	41696	44554
301295	90093
301356	75286
301370	11566
301779	305597	315462
301941	14493	114735	25554
302105	42537	70912
302177	14227
302278	302280
302345	320724	302332	17491
302364	302280
302535	5219	303030
302593	302280
302604	10470	298751	218012	25554	299598
302634	13673	277361	73800	39247
302815	302827
302892	302893
302913	5219	302717
302994	10767	10592	36079	291677	310096	282509
303027	303026
303299	43826
303659	138431	93799
303936	66862	305597
304613	147210
304652	9983	80156
304818	13672	58548	310847	58551	25554
304875	12203	10887	118358	58554	37078	119809	284258
305187	44075	302747	87010
305277	75047	30965	97410
305292	11539	10392	255944	43107
305331	5195
305420	110672
305573	43719
305725	286091	55806	39135	66748	31550	5371	148280	116526
305880	306856
306205	65276	307044	220110
306271	87140
306312	211984	306313
306410	306827	5219
306671	19583	92642
307000	25767
307022	95846	294593
307024	75766	294593
307209	8271	25554	320110	147205	12507
307248	72668
307249	23779	117878	126569	67733
307455	96078
307460	176866
307501	309484	75221	300916
307540	186823
307565	96078
307688	44273	87140
307854	261625	307857
307920	96078
308001	5219
308227	48879
308877	248367	68517	72140
308957	308952	308961	110771
309073	155620	59463
309171	229409	308676	164359
309291	301097
309312	10911	257662	75254	215348	281761	25554	309317
309313	10384	75254	257866	283169	25554	257717
309528	111943	111939	309270
309572	11661	309576	25554
309894	8531	277361	156703	11256	282515
310103	8265	215348	25554	257902
310105	9794	257724	257895	25554	257657	257660	260043
310107	10387	257662	75254	257895	25554	257665	257702
310170	10387	25554	310500	220110
310174	110672
310253	53691	310255
310348	59198	79847
310537	14749	310540
310608	10790	9391	290121
310609	40008	9658	47007	68908	26485	307085	13436
310668	14017	13902	234624
311053	43733	14517	37305	9723	75285
311087	108881	25554	311662
311144	52855	40747	12708	314338	311219	271087
311171	92305
311275	102553	9349
311464	264150
311479	23810
311714	13067	277361	302294	12649
311725	10470	277361	317862	308067	275411	38598
311743	10429	277361	88795
311744	8276	277361	290146	142482	147294
311809	10911	25554	63828	70051	69002	276768
311923	46989
311997	35739	9658	10464	58822	18612	312003
312055	236278	5830	6534	42417
312073	40634	40183	43107	58822	312003
312077	68373	97672	234624
312173	97656
312178	50287	13892	234624
312230	92642	220088	312632
312492	13897	93612	234624
312528	53120	50226	308002
312544	13236	13297	308002
312752	54712	13306	308002
312783	12223	68511	271043	308002
312946	60573	226369	308002
313026	53799
313091	75286	28960
313107	10475	10476	287406	308002
313124	30266	6534
313251	140149	50373	308002
313719	8278	186914	25554	119810
313720	160864	161542	313721
313781	22738	315299	177116
313785	13835	13845	308002
313897	85443	13654	271043	308002	141360
313900	120111	53799
313940	40632	21847	308002
314062	283386
314084	58822	9605
314115	42161	110236	308002
314437	314456
314603	6017
314663	13105	82902	308002	279353
314701	83089
315085	53998	294649
315113	10765	75882	306712	25554	119818
315115	26195	13571	308002
315213	43743
315641	15850
315654	8275	25550	310181
315848	13721	13547	308002
316265	10795	9789	316267	316266	282515	147299
316487	10383	298899	298898	46158	25554
316493	278765
316792	316793	220110
316807	314536
316826	105864	16695	308002
316924	10911	8406	47236	53817	25554
317110	161621	6789	317113
317115	74630	72380	267468	308002
317180	10361	53739
317193	9396
317254	74630	20949	308002
317295	234559
317379	234559
317386	234559
317582	317569	317579
317645	308323
317658	121651
317661	6576
317670	295540
317717	234559
317748	8262	47911	300338	11004	294089
317867	234559
317889	34696	125938
317944	234559
318070	306856
318219	247157	9721	5960
318289	234559
318375	190074	35582
318450	234559
318608	234559
318647	234559
318656	234559
318804	234559
319060	260305	297332	44916
319132	55531	305597
319255	234559
319353	234559
319374	49648	305597
319385	73808	305597
319391	11448	305597
319437	72419	319419
319897	15843	305597
319914	11568	305597
319918	12207	305597
319932	305597	65936
319941	10123	25554	68996	25543
319942	305597	315438
319948	319949
319970	5195
320020	310200
320029	320289
320036	305597	11444
320042	305597	320087
320044	305597	9385
320047	305597	33191
320084	66634	305597	320087
320091	165881	13902	234624
320148	141850	13279	234624
320211	11694	73028	25554
320248	53230
320324	10726	53863	95952	248949	218903
320333	53229	53230
320378	95675	93612	234624
320456	115679	320339
320550	114052
320626	117606	95951	79393
320687	234559
320734	11565
320773	53228	319958	6574
320810	8268	12694	89137	25554	320860	282785
320972	53863
321138	140002	11451